[(568, 582), (592, 492), (686, 802)]
[(782, 1221), (1049, 941)]
[(751, 421), (1007, 881)]
[(967, 886)]
[(967, 885)]
[(967, 886)]
[(967, 886)]
[(838, 668), (967, 886)]
[(838, 668), (967, 886)]
[(838, 668), (967, 886)]
[(838, 668), (967, 886)]
[(838, 668), (967, 886)]
[(838, 668), (967, 886)]
[(838, 668), (967, 886)]
[(963, 889), (967, 886)]
[(965, 879), (787, 1208)]
[(786, 1207), (963, 879)]
[(598, 845), (786, 1207), (835, 674)]
[(598, 845), (786, 1208), (834, 673), (967, 886), (1072, 1058)]
[(598, 845), (787, 1208), (839, 668), (967, 886), (1043, 568), (1072, 1058)]
[(598, 845), (787, 1208), (839, 668), (967, 886), (1043, 568), (1072, 1059)]
[(598, 845), (787, 1208), (839, 668), (968, 885), (1043, 568), (1072, 1059)]
[(598, 845), (787, 1208), (839, 668), (1069, 1050), (1043, 568)]
[(406, 687), (598, 845), (616, 470), (787, 1208), (837, 663), (838, 965), (1072, 1059), (1043, 568), (1072, 1059)]
