array([[(157, 134), (163, 197), (74, 104)], [(85, 115), (152, 135)],
       [(312, 128), (120, 126)], [(98, 99)], [(113, 113)], [(124, 125)],
       [(133, 134)], [(91, 92), (140, 142)], [(107, 108), (146, 147)],
       [(120, 120), (151, 152)], [(130, 130), (155, 156)],
       [(137, 138), (157, 159)], [(144, 145), (159, 161)],
       [(149, 150), (161, 162)], [(278, 375), (159, 159)],
       [(283, 368), (100, 100)], [(114, 113), (284, 371)],
       [(101, 102), (124, 124), (157, 167)],
       [(115, 116), (133, 135), (157, 167), (152, 153), (84, 84)],
       [(126, 127), (141, 141), (162, 162), (151, 152), (95, 96), (102, 103)],
       [(135, 135), (147, 147), (161, 161), (146, 147), (111, 111), (116, 117)],
       [(141, 142), (152, 152), (159, 159), (141, 140), (122, 123), (126, 128)],
       [(147, 148), (156, 156), (157, 157), (235, 298), (131, 132)],
       [(94, 94), (152, 153), (86, 86), (158, 159), (151, 235), (88, 88), (229, 298), (136, 137), (139, 140)]], dtype=object)